1.0
2.0000000000
2.0
1.0000000000
1.0000000000
3.0
0.5555555556
0.8888888889
0.5555555556
4.0
0.3478548451
0.6521451549
0.6521451549
0.3478548451
5.0
0.2369268851
0.4786286705
0.6588888889
0.4786286705
0.2369268851
6.0
0.1713244924
0.3607615730
0.4679139346
0.4679139346
0.3607615730
0.1713244924
7.0
0.1294849662
0.2797053915
0.3818300505
0.4179591837
0.3818300505
0.2797053915
0.1294849662
8.0
0.1012285363
0.2223810345
0.3137066459
0.3626837834
0.3626837834
0.3137066459
0.2223810345
0.1012285363
9.0
0.0812743884
0.1806481607
0.2606106964
0.3123470770
0.3302393550
0.3123470770
0.2606106964
0.1806481607
0.0812743884
10.0
0.0666713443
0.1494513492
0.2190863625
0.2692667193
0.2955242247
0.2955242247
0.2692667193
0.2190863625
0.1494513492
0.0666713443
