1.0
0.0000000000
2.0
-0.5773502692
0.5773502692
3.0
-0.7745966692
0.0000000000
0.7745966692
4.0
-0.8611363116
-0.3399810436
0.3399810436
0.8611363116
5.0
-0.9061798459
-0.5384693101
0.0000000000
0.5384693101
0.9061798459
6.0
-0.9624695142
-0.6612093865
-0.2386191861
0.2386191861
0.6612093865
0.9624695142
7.0
-0.9491079123
-0.7415311856
-0.4058451514
0.0000000000
0.4058451514
0.7415311856
0.9491079123
8.0
-0.9602898565
-0.7966664774
-0.5255324099
-0.1834346425
0.1834346425
0.5255324099
0.7966664774
0.9602898565
9.0
-0.9681602395
-0.8360311073
-0.6133714327
-0.3242534234
0.0000000000
0.3242534234
0.6133714327
0.8360311073
0.9681602395
10.0
-0.9739065285
-0.8650633667
-0.6794095683
-0.4333953941
-0.1488743390
0.1488743390
0.4333953941
0.6794095683
0.8650633667
0.9739065285
