0 6
0 8
0 9
0 70
6 7
6 8
6 9
6 18
6 20
6 21
6 39
6 40
6 44
6 47
6 48
6 49
6 50
6 51
6 52
6 53
6 59
6 71
6 72
6 73
6 74
6 75
6 76
6 82
6 83
6 84
6 90
6 91
6 92
6 93
6 94
6 95
6 96
7 8
7 9
7 20
7 21
7 39
7 40
7 44
7 47
7 48
7 49
7 50
7 51
7 52
7 53
7 59
7 71
7 72
7 73
7 74
7 75
7 76
7 82
7 83
7 84
7 90
7 91
7 92
7 93
7 94
7 95
7 96
8 9
8 18
8 20
8 21
8 39
8 40
8 44
8 47
8 48
8 49
8 50
8 51
8 52
8 53
8 59
8 71
8 72
8 73
8 74
8 75
8 76
8 82
8 83
8 84
8 90
8 91
8 92
8 93
8 94
8 95
8 96
9 18
9 20
9 21
9 39
9 40
9 44
9 47
9 48
9 49
9 50
9 51
9 52
9 53
9 59
9 71
9 72
9 73
9 74
9 75
9 76
9 82
9 83
9 84
9 90
9 91
9 92
9 93
9 94
9 95
9 96
20 21
20 39
20 40
20 44
20 47
20 48
20 49
20 50
20 51
20 52
20 53
20 59
20 71
20 72
20 73
20 74
20 75
20 76
20 82
20 83
20 84
20 90
20 91
20 92
20 93
20 94
20 95
20 96
21 39
21 40
21 44
21 47
21 48
21 49
21 50
21 51
21 52
21 53
21 59
21 71
21 72
21 73
21 74
21 75
21 76
21 82
21 83
21 84
21 90
21 91
21 92
21 93
21 94
21 95
21 96
39 40
39 44
39 47
39 48
39 49
39 50
39 51
39 52
39 53
39 59
39 71
39 72
39 73
39 74
39 75
39 76
39 82
39 83
39 84
39 90
39 91
39 92
39 93
39 94
39 95
39 96
40 44
40 47
40 48
40 49
40 50
40 51
40 52
40 53
40 59
40 71
40 72
40 73
40 74
40 75
40 76
40 82
40 83
40 84
40 90
40 91
40 92
40 93
40 94
40 95
40 96
44 47
44 48
44 49
44 50
44 51
44 52
44 53
44 59
44 71
44 72
44 73
44 74
44 75
44 76
44 82
44 83
44 84
44 90
44 91
44 92
44 93
44 94
44 95
44 96
47 48
47 49
47 50
47 51
47 52
47 53
47 59
47 71
47 72
47 73
47 74
47 75
47 76
47 82
47 83
47 84
47 90
47 91
47 92
47 93
47 94
47 95
47 96
48 49
48 50
48 51
48 52
48 53
48 59
48 71
48 72
48 73
48 74
48 75
48 76
48 82
48 83
48 84
48 90
48 91
48 92
48 93
48 94
48 95
48 96
49 50
49 51
49 52
49 53
49 59
49 71
49 72
49 73
49 74
49 75
49 76
49 82
49 83
49 84
49 90
49 91
49 92
49 93
49 94
49 95
49 96
50 51
50 52
50 53
50 59
50 71
50 72
50 73
50 74
50 75
50 76
50 82
50 83
50 84
50 90
50 91
50 92
50 93
50 94
50 95
50 96
51 52
51 53
51 59
51 71
51 72
51 73
51 74
51 75
51 76
51 82
51 83
51 84
51 90
51 91
51 92
51 93
51 94
51 95
51 96
52 53
52 59
52 71
52 72
52 73
52 74
52 75
52 76
52 82
52 83
52 84
52 90
52 91
52 92
52 93
52 94
52 95
52 96
53 59
53 71
53 72
53 73
53 74
53 75
53 76
53 82
53 83
53 84
53 90
53 91
53 92
53 93
53 94
53 95
53 96
59 71
59 72
59 73
59 74
59 75
59 76
59 82
59 83
59 84
59 90
59 91
59 92
59 93
59 94
59 95
59 96
71 72
71 73
71 74
71 75
71 76
71 82
71 83
71 84
71 90
71 91
71 92
71 93
71 94
71 95
71 96
72 73
72 74
72 75
72 76
72 82
72 83
72 84
72 90
72 91
72 92
72 93
72 94
72 95
72 96
73 74
73 75
73 76
73 82
73 83
73 84
73 90
73 91
73 92
73 93
73 94
73 95
73 96
74 75
74 76
74 82
74 83
74 84
74 90
74 91
74 92
74 93
74 94
74 95
74 96
75 76
75 82
75 83
75 84
75 90
75 91
75 92
75 93
75 94
75 95
75 96
76 82
76 83
76 84
76 90
76 91
76 92
76 93
76 94
76 95
76 96
82 83
82 84
82 90
82 91
82 92
82 93
82 94
82 95
82 96
83 84
83 90
83 91
83 92
83 93
83 94
83 95
83 96
84 90
84 91
84 92
84 93
84 94
84 95
84 96
90 91
90 92
90 93
90 94
90 95
90 96
91 92
91 93
91 94
91 95
91 96
92 93
92 94
92 95
92 96
93 94
93 95
93 96
94 95
94 96
95 96
0 142
0 145
0 147
0 148
0 149
0 150
0 155
0 156
0 157
0 166
0 167
0 168
0 169
6 109
6 110
6 111
6 118
6 119
6 120
6 121
6 122
6 134
6 135
6 141
6 143
6 144
6 145
6 146
6 147
6 148
6 149
6 150
6 155
6 156
6 157
6 166
6 167
6 168
6 169
6 188
6 189
6 190
6 191
6 192
7 109
7 110
7 111
7 118
7 119
7 120
7 121
7 122
7 134
7 135
7 141
7 142
7 143
7 144
7 145
7 146
7 147
7 148
7 149
7 150
7 156
7 157
7 166
7 167
7 168
7 169
7 188
7 189
7 190
7 191
7 192
8 109
8 110
8 111
8 118
8 119
8 120
8 121
8 122
8 134
8 135
8 141
8 142
8 143
8 144
8 145
8 146
8 147
8 148
8 149
8 150
8 156
8 157
8 166
8 167
8 168
8 169
8 188
8 189
8 190
8 191
8 192
9 109
9 110
9 111
9 118
9 119
9 120
9 121
9 122
9 134
9 135
9 141
9 143
9 144
9 145
9 146
9 148
9 155
9 156
9 157
9 166
9 167
9 168
9 169
9 189
9 190
9 191
9 192
18 155
18 156
18 157
18 166
18 167
18 168
18 169
20 109
20 110
20 111
20 118
20 119
20 120
20 121
20 122
20 134
20 135
20 141
20 142
20 143
20 144
20 145
20 146
20 147
20 148
20 149
20 150
20 156
20 157
20 166
20 167
20 168
20 169
20 188
20 189
20 190
20 191
20 192
21 109
21 110
21 111
21 118
21 119
21 120
21 121
21 122
21 134
21 135
21 141
21 142
21 143
21 144
21 145
21 146
21 147
21 148
21 149
21 150
21 156
21 157
21 166
21 167
21 168
21 169
21 188
21 189
21 190
21 191
21 192
39 109
39 110
39 111
39 118
39 119
39 120
39 121
39 122
39 134
39 135
39 141
39 142
39 143
39 144
39 145
39 146
39 147
39 148
39 149
39 150
39 156
39 157
39 166
39 167
39 168
39 169
39 188
39 189
39 190
39 191
39 192
40 109
40 110
40 111
40 118
40 119
40 120
40 121
40 122
40 134
40 135
40 141
40 142
40 143
40 144
40 145
40 146
40 147
40 148
40 149
40 150
40 156
40 157
40 166
40 167
40 168
40 169
40 188
40 189
40 190
40 191
40 192
44 109
44 110
44 111
44 118
44 119
44 120
44 121
44 122
44 134
44 135
44 141
44 142
44 143
44 144
44 145
44 146
44 147
44 148
44 149
44 150
44 156
44 157
44 166
44 167
44 168
44 169
44 188
44 189
44 190
44 191
44 192
47 109
47 110
47 111
47 118
47 119
47 120
47 121
47 122
47 134
47 135
47 141
47 142
47 143
47 144
47 145
47 146
47 147
47 148
47 149
47 150
47 156
47 157
47 166
47 167
47 168
47 169
47 188
47 189
47 190
47 191
47 192
48 109
48 110
48 111
48 118
48 119
48 120
48 121
48 122
48 134
48 135
48 141
48 142
48 143
48 144
48 145
48 146
48 147
48 148
48 149
48 150
48 156
48 157
48 166
48 167
48 168
48 169
48 188
48 189
48 190
48 191
48 192
49 109
49 110
49 111
49 118
49 119
49 120
49 121
49 122
49 134
49 135
49 141
49 142
49 143
49 144
49 145
49 146
49 147
49 148
49 149
49 150
49 156
49 157
49 166
49 167
49 168
49 169
49 188
49 189
49 190
49 191
49 192
50 109
50 110
50 111
50 118
50 119
50 120
50 121
50 122
50 134
50 135
50 141
50 142
50 143
50 144
50 145
50 146
50 147
50 148
50 149
50 150
50 156
50 157
50 166
50 167
50 168
50 169
50 188
50 189
50 190
50 191
50 192
51 109
51 110
51 111
51 118
51 119
51 120
51 121
51 122
51 134
51 135
51 141
51 142
51 143
51 144
51 145
51 146
51 147
51 148
51 149
51 150
51 156
51 157
51 166
51 167
51 168
51 169
51 188
51 189
51 190
51 191
51 192
52 109
52 110
52 111
52 118
52 119
52 120
52 121
52 122
52 134
52 135
52 141
52 142
52 143
52 144
52 145
52 146
52 147
52 148
52 149
52 150
52 156
52 157
52 166
52 167
52 168
52 169
52 188
52 189
52 190
52 191
52 192
53 109
53 110
53 111
53 118
53 119
53 120
53 121
53 122
53 134
53 135
53 141
53 142
53 143
53 144
53 145
53 146
53 147
53 148
53 149
53 150
53 156
53 157
53 166
53 167
53 168
53 169
53 188
53 189
53 190
53 191
53 192
59 109
59 110
59 111
59 118
59 119
59 120
59 121
59 122
59 134
59 135
59 141
59 142
59 143
59 144
59 145
59 146
59 147
59 148
59 149
59 150
59 156
59 157
59 166
59 167
59 168
59 169
59 188
59 189
59 190
59 191
59 192
70 142
70 145
70 147
70 148
70 149
70 150
71 109
71 110
71 111
71 118
71 119
71 120
71 121
71 122
71 134
71 135
71 141
71 142
71 143
71 144
71 145
71 146
71 147
71 148
71 149
71 150
71 156
71 157
71 166
71 167
71 168
71 169
71 188
71 189
71 190
71 191
71 192
72 109
72 110
72 111
72 118
72 119
72 120
72 121
72 122
72 134
72 135
72 141
72 142
72 143
72 144
72 145
72 146
72 147
72 148
72 149
72 150
72 156
72 157
72 166
72 167
72 168
72 169
72 188
72 189
72 190
72 191
72 192
73 109
73 110
73 111
73 118
73 119
73 120
73 121
73 122
73 134
73 135
73 141
73 142
73 143
73 144
73 145
73 146
73 147
73 148
73 149
73 150
73 156
73 157
73 166
73 167
73 168
73 169
73 188
73 189
73 190
73 191
73 192
74 109
74 110
74 111
74 118
74 119
74 120
74 121
74 122
74 134
74 135
74 141
74 142
74 143
74 144
74 145
74 146
74 147
74 148
74 149
74 150
74 156
74 157
74 166
74 167
74 168
74 169
74 188
74 189
74 190
74 191
74 192
75 109
75 110
75 111
75 118
75 119
75 120
75 121
75 122
75 134
75 135
75 141
75 142
75 143
75 144
75 145
75 146
75 147
75 148
75 149
75 150
75 156
75 157
75 166
75 167
75 168
75 169
75 188
75 189
75 190
75 191
75 192
76 109
76 110
76 111
76 118
76 119
76 120
76 121
76 122
76 134
76 135
76 141
76 142
76 143
76 144
76 145
76 146
76 147
76 148
76 149
76 150
76 156
76 157
76 166
76 167
76 168
76 169
76 188
76 189
76 190
76 191
76 192
82 109
82 110
82 111
82 118
82 119
82 120
82 121
82 122
82 134
82 135
82 141
82 142
82 143
82 144
82 145
82 146
82 147
82 148
82 149
82 150
82 156
82 157
82 166
82 167
82 168
82 169
82 188
82 189
82 190
82 191
82 192
83 109
83 110
83 111
83 118
83 119
83 120
83 121
83 122
83 134
83 135
83 141
83 142
83 143
83 144
83 145
83 146
83 147
83 148
83 149
83 150
83 156
83 157
83 166
83 167
83 168
83 169
83 188
83 189
83 190
83 191
83 192
84 109
84 110
84 111
84 118
84 119
84 120
84 121
84 122
84 134
84 135
84 141
84 142
84 143
84 144
84 145
84 146
84 147
84 148
84 149
84 150
84 156
84 157
84 166
84 167
84 168
84 169
84 188
84 189
84 190
84 191
84 192
90 109
90 110
90 111
90 118
90 119
90 120
90 121
90 122
90 134
90 135
90 141
90 142
90 143
90 144
90 145
90 146
90 147
90 148
90 149
90 150
90 156
90 157
90 166
90 167
90 168
90 169
90 188
90 189
90 190
90 191
90 192
91 109
91 110
91 111
91 118
91 119
91 120
91 121
91 122
91 134
91 135
91 141
91 142
91 143
91 144
91 145
91 146
91 147
91 148
91 149
91 150
91 156
91 157
91 166
91 167
91 168
91 169
91 188
91 189
91 190
91 191
91 192
92 109
92 110
92 111
92 118
92 119
92 120
92 121
92 122
92 134
92 135
92 141
92 142
92 143
92 144
92 145
92 146
92 147
92 148
92 149
92 150
92 156
92 157
92 166
92 167
92 168
92 169
92 188
92 189
92 190
92 191
92 192
93 109
93 110
93 111
93 118
93 119
93 120
93 121
93 122
93 134
93 135
93 141
93 142
93 143
93 144
93 145
93 146
93 147
93 148
93 149
93 150
93 156
93 157
93 166
93 167
93 168
93 169
93 188
93 189
93 190
93 191
93 192
94 109
94 110
94 111
94 118
94 119
94 120
94 121
94 122
94 134
94 135
94 141
94 142
94 143
94 144
94 145
94 146
94 147
94 148
94 149
94 150
94 156
94 157
94 166
94 167
94 168
94 169
94 188
94 189
94 190
94 191
94 192
95 109
95 110
95 111
95 118
95 119
95 120
95 121
95 122
95 134
95 135
95 141
95 142
95 143
95 144
95 145
95 146
95 147
95 148
95 149
95 150
95 156
95 157
95 166
95 167
95 168
95 169
95 188
95 189
95 190
95 191
95 192
96 109
96 110
96 111
96 118
96 119
96 120
96 121
96 122
96 134
96 135
96 141
96 142
96 143
96 144
96 145
96 146
96 147
96 148
96 149
96 150
96 156
96 157
96 166
96 167
96 168
96 169
96 188
96 189
96 190
96 191
96 192
109 110
109 111
109 118
109 119
109 120
109 121
109 122
109 134
109 135
109 141
109 142
109 143
109 144
109 145
109 146
109 147
109 148
109 149
109 150
109 156
109 157
109 166
109 167
109 168
109 169
109 188
109 189
109 190
109 191
109 192
110 111
110 118
110 119
110 120
110 121
110 122
110 134
110 135
110 141
110 142
110 143
110 144
110 145
110 146
110 147
110 148
110 149
110 150
110 156
110 157
110 166
110 167
110 168
110 169
110 188
110 189
110 190
110 191
110 192
111 118
111 119
111 120
111 121
111 122
111 134
111 135
111 141
111 142
111 143
111 144
111 145
111 146
111 147
111 148
111 149
111 150
111 156
111 157
111 166
111 167
111 168
111 169
111 188
111 189
111 190
111 191
111 192
118 119
118 120
118 121
118 122
118 134
118 135
118 141
118 142
118 143
118 144
118 145
118 146
118 147
118 148
118 149
118 150
118 156
118 157
118 166
118 167
118 168
118 169
118 188
118 189
118 190
118 191
118 192
119 120
119 121
119 122
119 134
119 135
119 141
119 142
119 143
119 144
119 145
119 146
119 147
119 148
119 149
119 150
119 156
119 157
119 166
119 167
119 168
119 169
119 188
119 189
119 190
119 191
119 192
120 121
120 122
120 134
120 135
120 141
120 142
120 143
120 144
120 145
120 146
120 147
120 148
120 149
120 150
120 156
120 157
120 166
120 167
120 168
120 169
120 188
120 189
120 190
120 191
120 192
121 122
121 134
121 135
121 141
121 142
121 143
121 144
121 145
121 146
121 147
121 148
121 149
121 150
121 156
121 157
121 166
121 167
121 168
121 169
121 188
121 189
121 190
121 191
121 192
122 134
122 135
122 141
122 142
122 143
122 144
122 145
122 146
122 147
122 148
122 149
122 150
122 156
122 157
122 166
122 167
122 168
122 169
122 188
122 189
122 190
122 191
122 192
134 135
134 141
134 142
134 143
134 144
134 145
134 146
134 147
134 148
134 149
134 150
134 156
134 157
134 166
134 167
134 168
134 169
134 188
134 189
134 190
134 191
134 192
135 141
135 142
135 143
135 144
135 145
135 146
135 147
135 148
135 149
135 150
135 156
135 157
135 166
135 167
135 168
135 169
135 188
135 189
135 190
135 191
135 192
141 142
141 143
141 144
141 145
141 146
141 147
141 148
141 149
141 150
141 156
141 157
141 166
141 167
141 168
141 169
141 188
141 189
141 190
141 191
141 192
142 143
142 144
142 145
142 146
142 147
142 148
142 149
142 150
142 155
142 156
142 157
142 166
142 168
142 188
142 189
142 190
142 191
142 192
143 144
143 145
143 146
143 147
143 148
143 149
143 150
143 156
143 157
143 166
143 167
143 168
143 169
143 188
143 189
143 190
143 191
143 192
144 145
144 146
144 147
144 148
144 149
144 150
144 156
144 157
144 166
144 167
144 168
144 169
144 188
144 189
144 190
144 191
144 192
145 146
145 147
145 148
145 149
145 150
145 156
145 157
145 166
145 168
145 169
145 188
145 189
145 190
145 191
145 192
146 147
146 148
146 149
146 150
146 156
146 157
146 166
146 167
146 168
146 169
146 188
146 189
146 190
146 191
146 192
147 148
147 149
147 150
147 156
147 157
147 166
147 168
147 169
147 188
147 189
147 190
147 191
147 192
148 149
148 150
148 156
148 157
148 166
148 168
148 169
148 188
148 189
148 190
148 191
148 192
149 150
149 156
149 157
149 166
149 168
149 169
149 188
149 189
149 190
149 191
149 192
150 156
150 157
150 166
150 168
150 169
150 188
150 189
150 190
150 191
150 192
155 156
155 157
155 167
155 169
156 157
156 166
156 167
156 168
156 169
156 188
156 189
156 190
156 191
156 192
157 166
157 167
157 168
157 169
157 188
157 189
157 190
157 191
157 192
166 167
166 168
166 169
166 188
166 189
166 190
166 191
166 192
167 168
167 169
167 189
167 190
167 191
167 192
168 169
168 188
168 189
168 190
168 191
168 192
169 188
169 189
169 190
169 191
169 192
188 189
188 190
188 191
188 192
189 190
189 191
189 192
190 191
190 192
191 192
