0.003987
0.564781
0.195514
0.809264
0.586146
0.481298
0.352071
0.896247
0.823325
0.747299
0.176370
0.859330
0.711294
0.514867
0.305901
0.017683
0.093892
0.366193
0.149648
0.168183
0.988556
0.447211
0.121496
0.007396
0.011626
0.379584
0.532946
0.572359
0.602855
0.608242
0.168518
0.663968
0.452293
0.353897
0.059622
0.608759
0.783912
0.803147
0.521198
0.303862
0.876313
0.727425
0.956022
0.925921
0.540615
0.144688
0.463554
0.237423
0.862617
0.211766
0.780260
0.844082
0.996804
0.999696
0.612564
0.394102
0.268223
0.299206
0.840582
0.026418
0.377576
0.095109
0.678090
0.058800
0.011504
0.919013
0.277871
0.274888
0.589037
0.692029
0.838056
0.727242
0.486350
0.207536
0.744438
0.469915
0.459445
0.949295
0.745138
0.110722
0.600146
0.386919
0.735734
0.610037
0.573576
0.363089
0.153879
0.227227
0.426728
0.803421
0.518428
0.990017
0.752229
0.347354
0.171257
0.658246
0.493289
0.066105
0.700581
0.506163
